### Active Check Result File ###
file_time=1416497141

### Nagios Service Check Result ###
# Time: Thu Nov 20 10:25:41 2014
host_name=omnmdk07-ny
service_description=PING
check_type=0
check_options=0
scheduled_check=1
reschedule_check=1
latency=0.205000
start_time=1416497141.205251
finish_time=1416497145.210532
early_timeout=0
exited_ok=1
return_code=0
output=PING OK - Packet loss = 0%, RTA = 0.44 ms|rta=0.445000ms;100.000000;500.000000;0.000000 pl=0%;20;60;0\n
